1 0.5015625 0.228125 0.4875 0.0796875
0 0.5046875 0.3078125 0.4140625 0.109375
4 0.503125 0.384375 0.1546875 0.2546875
3 0.503125 0.6203125 0.53125 0.353125
2 0.5015625 0.596875 0.234375 0.125
1 0.08984375 0.22734375 0.1796875 0.0796875
1 0.90703125 0.22734375 0.1859375 0.0796875
0 0.06953125 0.3078125 0.1390625 0.109375
0 0.9234375 0.3078125 0.153125 0.109375
3 0.1 0.6203125 0.2 0.353125
3 0.8953125 0.6203125 0.209375 0.353125
2 0.0265625 0.596875 0.053125 0.125
2 0.9703125 0.596875 0.059375 0.125