1 0.509375 0.3328125 0.3453125 0.059375
0 0.509375 0.38125 0.2953125 0.078125
4 0.503125 0.434375 0.1078125 0.16875
3 0.5 0.6171875 0.35 0.2390625
2 0.5046875 0.5734375 0.1453125 0.084375
1 0.0796875 0.3328125 0.159375 0.059375
1 0.90859375 0.3328125 0.1828125 0.059375
0 0.0671875 0.38125 0.134375 0.078125
0 0.92109375 0.38125 0.1578125 0.078125
4 0.0234375 0.434375 0.046875 0.16875
4 0.97109375 0.434375 0.0578125 0.16875
3 0.0859375 0.61640625 0.171875 0.2390625
3 0.9125 0.61640625 0.175 0.2390625
2 0.03203125 0.5734375 0.0640625 0.084375
2 0.9609375 0.5734375 0.078125 0.084375